-852.7 -4853.3 33.2 270 0 13.5 20.0 14.0 3.5 2 1 4 1 1
-2350.0 -4692.6 32.9 67 0 16.2 23.1 7.5 2.5 2 1 3 2 2
2113.4 5143.7 17.2 261 0 33.4 19.7 10.0 2.5 2 0 4 3 3
1732.3 5010.4 24.7 192 0 15.9 36.3 10.0 0.0 0 1 4 5 5
1772.8 5099.4 10.2 23 0 14.8 28.0 10.0 2.5 2 1 4 0 0
1795.2 5058.5 24.5 34 0 11.1 8.0 7.5 2.5 2 0 3 3 3
1691.7 4985.9 24.5 275 0 10.6 10.8 7.0 2.5 4 1 2 5 5
1729.5 5033.5 23.5 275 0 10.6 10.8 2.5 2.5 2 1 1 2 2
2081.6 5105.4 17.6 73 0 21.1 13.5 10.0 2.5 2 0 4 2 2
2020.3 5060.4 17.6 42 0 21.4 13.6 10.0 2.5 2 0 4 2 2
1977.9 4976.9 21.3 196 0 14.4 14.3 5.0 2.5 2 0 2 2 2
1549.5 4777.1 32.1 205 0 18.3 12.3 7.5 2.5 2 0 3 4 4
1778.3 4985.1 27.1 10 0 27.9 11.4 12.5 2.5 2 0 5 4 4
1743.4 5032.0 24.1 276 0 10.2 12.2 5.0 2.5 2 1 2 2 2
1556.7 4913.2 26.0 43 0 15.9 15.5 5.0 2.5 2 0 2 2 2
1779.8 5038.3 24.7 35 0 9.9 12.0 7.5 0.0 0 1 3 0 0
1741.9 5083.7 20.1 193 0 21.2 9.7 7.5 0.0 0 0 3 3 3
2060.0 5098.7 17.7 67 0 21.7 12.0 7.5 2.5 2 0 3 0 0
2036.6 5077.9 17.6 42 0 20.7 12.7 7.5 2.5 2 0 3 2 2
1772.9 5023.8 25.3 5 0 10.8 10.6 5.0 2.5 2 0 2 5 5
1595.2 4798.1 32.5 299 0 6.3 12.2 7.5 2.5 2 1 3 4 4
1606.1 4974.2 21.1 191 0 12.3 27.8 10.0 0.0 0 1 4 1 1
1700.8 4997.5 24.2 275 0 10.6 10.8 10.0 2.5 2 1 4 4 4
1702.4 4968.0 25.3 95 0 10.6 10.8 7.5 2.5 2 1 3 4 4
2009.6 5027.0 19.0 20 0 15.4 14.9 5.0 2.5 2 0 2 5 5
1765.8 5064.8 23.4 214 0 21.8 13.2 12.5 2.5 4 0 5 5 5
1753.9 5047.8 23.9 215 0 14.9 12.6 5.0 2.5 2 0 2 4 4
1647.2 4951.6 25.3 28 0 18.3 16.1 15.0 0.0 0 0 6 1 1
1580.3 -2929.8 -15.6 268 0 12.1 16.6 17.5 0.0 0 1 5 2 2
1921.8 -820.0 -6.9 302 0 12.6 47.1 14.0 0.0 0 1 4 2 2
1820.9 -230.4 -4.3 90 0 19.9 34.0 7.5 0.0 0 1 3 2 2
1769.9 -892.5 -6.8 121 0 23.3 54.3 10.5 3.5 2 1 3 5 5
1816.0 -824.0 -6.3 34 0 14.7 42.5 10.5 3.5 2 1 3 4 4
1789.4 -788.1 -6.1 212 0 8.9 6.4 10.5 3.5 2 0 3 3 3
1723.6 -891.5 -6.8 298 0 7.7 15.8 10.5 3.5 4 1 3 5 5
1707.3 -836.9 -6.3 120 0 17.2 14.9 10.5 3.5 2 0 3 3 3
1747.9 -847.1 -6.4 119 0 22.6 33.3 10.5 0.0 0 1 3 0 0
1733.8 -792.9 -6.1 300 0 17.5 25.6 10.5 3.5 2 1 3 3 3
1883.1 -981.7 -8.7 300 0 29.2 37.0 14.0 0.0 0 1 4 4 4
1899.6 -883.9 -7.0 124 0 14.4 32.3 14.0 3.5 2 1 4 2 2
1735.6 -873.2 -6.6 127 0 13.2 24.0 10.5 0.0 0 1 3 3 3
2103.7 -253.9 -6.0 90 0 23.3 39.1 5.0 0.0 0 1 2 5 5
2038.3 -240.5 -5.5 89 0 21.0 33.6 7.5 0.0 0 1 3 1 1
1908.0 -247.5 -4.8 91 0 21.9 32.6 10.0 0.0 0 1 4 1 1
1950.8 -236.8 -5.0 91 0 23.0 34.3 10.0 0.0 0 1 4 5 5
2169.7 -230.3 -6.4 89 0 20.3 36.4 7.5 0.0 0 1 3 2 2
2145.7 -241.5 -6.1 91 0 18.9 35.0 7.5 0.0 0 1 3 3 3
1820.8 -802.8 -6.3 299 0 6.9 8.4 10.5 3.5 2 1 3 5 5
1677.0 -870.5 -6.6 269 0 10.8 20.1 14.0 3.5 2 1 4 4 4
1885.9 -239.8 -4.7 89 0 19.6 35.3 7.5 0.0 0 1 3 4 4
1970.9 -896.1 -7.8 29 0 24.0 33.7 14.0 0.0 0 1 4 3 3
1915.7 -955.4 -7.6 120 0 35.4 57.7 14.0 0.0 0 1 4 0 0
1842.0 -226.7 -4.4 90 0 17.6 29.2 10.0 2.5 2 1 4 0 0
1863.6 -236.4 -4.6 91 0 18.9 36.4 15.0 0.0 0 1 6 1 1
2433.3 100.0 -11.6 3 0 57.3 39.7 10.0 0.0 0 0 4 2 2
2456.5 79.1 -12.5 4 0 32.0 15.5 5.0 2.5 2 0 2 1 1
2502.0 156.5 -13.6 195 0 20.9 24.1 12.5 2.5 4 1 5 2 2
2505.4 195.5 -13.9 195 0 17.0 29.9 12.5 2.5 2 1 5 2 2
2452.1 232.8 -10.8 272 0 15.4 26.2 10.0 2.5 2 1 4 5 5
2385.3 194.1 -9.3 180 0 20.7 24.7 12.5 2.5 4 1 5 2 2
2555.5 126.8 -15.2 105 0 19.6 26.9 7.5 2.5 2 1 3 5 5
2527.6 18.8 -17.0 152 0 14.3 30.8 10.0 2.5 2 1 4 2 2
2684.7 -897.8 -23.1 159 0 11.7 14.9 10.5 3.5 2 1 3 4 4
2708.0 -901.6 -22.9 162 0 28.3 15.5 10.5 3.5 4 0 3 5 5
2736.8 -896.3 -22.1 164 0 13.5 8.5 10.5 3.5 2 0 3 3 3
2689.6 -919.4 -23.6 163 0 9.9 20.2 10.5 3.5 2 1 3 2 2
2717.8 -770.5 -28.8 256 0 15.4 12.1 10.5 3.5 4 0 3 3 3
2706.4 -800.2 -26.5 256 0 8.1 13.6 10.5 3.5 2 1 3 2 2
2702.2 -777.1 -27.6 254 0 9.7 22.5 10.5 3.5 2 1 3 5 5
2013.1 -2581.4 -27.8 179 0 23.7 32.3 17.5 0.0 0 1 5 4 4
2130.0 -2518.0 -31.2 182 0 66.2 28.5 17.5 0.0 0 0 5 4 4
2198.8 -2621.7 -28.3 1 0 132.4 84.7 17.5 0.0 0 0 5 3 3
2140.7 -2790.3 -22.9 90 0 54.4 101.2 17.5 0.0 0 1 5 3 3
2220.0 -2451.2 -33.1 269 0 20.8 44.3 17.5 0.0 0 1 5 1 1
1897.3 -2730.8 -23.1 268 0 36.2 29.9 17.5 0.0 0 0 5 1 1
1843.1 -2792.8 -22.4 90 0 19.0 21.1 17.5 3.5 2 1 5 0 0
2213.5 -2819.6 -24.0 269 0 20.3 33.9 17.5 0.0 0 1 5 1 1
2329.3 -3051.4 -29.5 180 0 15.9 31.6 17.5 3.5 4 1 5 5 5
2329.3 -3023.9 -28.7 179 0 33.5 31.4 17.5 0.0 0 0 5 1 1
2361.0 -2966.3 -26.3 273 0 18.0 26.0 17.5 0.0 0 1 5 5 5
2286.7 -2818.8 -21.6 270 0 14.7 18.3 17.5 3.5 2 1 5 2 2
2279.5 -2685.7 -27.5 181 0 16.3 24.7 17.5 3.5 2 1 5 5 5
2312.7 -2844.8 -21.9 274 0 10.7 12.0 17.5 3.5 2 1 5 5 5
2279.2 -2656.1 -27.8 181 0 17.6 17.5 17.5 3.5 2 0 5 5 5
2278.8 -2716.0 -26.0 177 0 13.3 22.0 17.5 3.5 2 1 5 0 0
2279.9 -2627.7 -28.4 183 0 14.8 19.8 17.5 0.0 0 1 5 1 1
2355.2 -2916.9 -23.8 91 0 51.3 147.2 17.5 0.0 0 1 5 1 1
2368.6 -2553.7 -32.3 273 0 12.0 30.4 12.5 2.5 2 1 5 3 3
2487.9 -2906.6 -32.9 272 0 33.7 80.6 17.5 0.0 0 1 5 0 0
2462.3 -2918.4 -29.2 271 0 12.8 34.0 17.5 3.5 2 1 5 0 0
2294.3 -2162.9 -32.5 184 0 49.1 24.0 14.0 3.5 2 0 4 0 0
2493.8 -2990.0 -32.9 271 0 19.5 62.7 17.5 3.5 2 1 5 3 3
2754.1 -3142.3 -33.0 337 0 43.4 18.0 14.0 0.0 0 0 4 4 4
2503.8 -2886.0 -29.7 0 0 15.5 29.0 17.5 3.5 2 1 5 0 0
2513.7 -3073.8 -32.8 2 0 14.8 40.0 17.5 3.5 4 1 5 0 0
2421.6 -3167.3 -32.4 90 0 15.6 62.8 17.5 3.5 2 1 5 3 3
2518.7 -2879.5 -33.1 181 0 61.6 23.9 17.5 3.5 2 0 5 4 4
2643.7 -3169.8 -32.3 270 0 16.5 58.2 17.5 3.5 2 1 5 0 0
2750.2 -3264.4 -31.9 268 0 31.2 116.5 17.5 0.0 0 1 5 0 0
2700.4 -3378.8 -30.7 11 0 17.6 32.1 17.5 3.5 2 1 5 2 2
2694.5 -3217.7 -31.8 264 0 14.1 39.6 17.5 3.5 2 1 5 4 4
2605.9 -3368.3 -30.3 90 0 21.1 39.4 17.5 0.0 0 1 5 1 1
3037.5 -3954.1 -30.8 66 0 19.4 20.0 10.0 2.5 2 1 4 0 0
3250.7 -3852.0 -32.5 294 0 27.5 12.9 14.0 3.5 4 0 4 5 5
3043.5 -3894.9 -30.9 240 0 18.5 28.8 12.5 2.5 2 1 5 3 3
3012.9 -3981.2 -30.6 59 0 23.9 19.7 10.0 2.5 2 0 4 2 2
2586.8 -3591.2 -29.0 182 0 91.1 57.9 17.5 0.0 0 0 5 1 1
1421.2 -2771.6 -19.6 270 0 22.8 19.5 17.5 3.5 2 0 5 1 1
1699.0 -2989.0 -12.2 179 0 14.2 23.1 17.5 3.5 2 1 5 5 5
1581.6 -2806.7 -18.9 271 0 12.2 18.5 17.5 3.5 4 1 5 2 2
1695.8 -2788.5 -20.7 180 0 18.5 31.5 17.5 3.5 2 1 5 3 3
1756.7 -3039.7 -13.0 90 0 15.2 40.5 17.5 3.5 2 1 5 5 5
1600.1 -2915.2 -16.5 90 0 16.4 24.8 17.5 3.5 2 1 5 1 1
1620.4 -2787.9 -19.7 1 0 13.1 12.7 17.5 3.5 2 0 5 1 1
1723.5 -2989.0 -12.8 182 0 15.4 29.2 17.5 3.5 4 1 5 4 4
1385.6 -3272.1 -6.7 91 0 19.7 24.0 14.0 0.0 0 1 4 1 1
1425.8 -3253.9 -7.0 1 0 11.9 19.0 14.0 3.5 2 1 4 0 0
1415.5 -3280.6 -6.7 92 0 16.9 19.6 14.0 3.5 2 1 4 0 0
1364.1 -3278.9 -7.0 91 0 20.0 45.2 14.0 0.0 0 1 4 5 5
1431.4 -3310.7 -6.4 1 0 22.3 17.1 17.5 3.5 2 0 5 2 2
1397.8 -3222.0 -7.6 1 0 15.9 14.5 14.0 3.5 2 0 4 2 2
1401.3 -3188.7 -8.3 271 0 13.7 24.4 14.0 3.5 2 1 4 3 3
1436.8 -3224.2 -7.8 359 0 13.1 23.3 14.0 3.5 2 1 4 3 3
1252.9 -3249.7 -5.1 90 0 20.3 23.9 17.5 3.5 2 1 5 4 4
1331.1 -3215.3 -7.3 181 0 24.6 15.7 14.0 3.5 2 0 4 2 2
1249.7 -3152.4 -6.9 91 0 20.5 48.1 14.0 3.5 4 1 4 4 4
1317.6 -3189.3 -7.4 358 0 22.8 27.2 17.5 0.0 0 1 5 3 3
1318.1 -3137.9 -8.8 0 0 15.4 19.4 14.0 3.5 2 1 4 1 1
1314.7 -3323.6 -4.3 1 0 13.5 24.7 14.0 3.5 2 1 4 5 5
1208.8 -3244.9 -5.8 180 0 30.0 29.9 17.5 0.0 0 0 5 4 4
1328.1 -3350.1 -4.7 181 0 13.8 22.3 17.5 3.5 2 1 5 1 1
1327.7 -3365.0 -4.7 181 0 11.2 27.6 17.5 3.5 4 1 5 4 4
1255.3 -3270.8 -5.3 91 0 14.9 19.4 17.5 3.5 2 1 5 4 4
1577.7 -3523.9 -8.7 90 0 10.6 28.7 14.0 3.5 2 1 4 3 3
1596.4 -3582.8 -9.1 183 0 24.9 14.3 17.5 3.5 2 0 5 5 5
1158.7 -3656.5 -3.0 270 0 46.9 36.6 17.5 0.0 0 0 5 5 5
1148.4 -2419.6 -11.9 89 0 11.9 14.3 14.0 3.5 2 1 4 5 5
1865.0 -3080.2 -15.8 272 0 19.3 17.9 17.5 3.5 2 0 5 4 4
1038.4 -2159.0 -8.8 269 0 25.1 21.7 10.5 3.5 2 0 3 3 3
2768.8 -3965.7 -28.6 274 0 10.0 14.2 10.5 3.5 2 1 3 4 4
3358.4 -4122.0 -32.8 272 0 9.8 14.2 10.5 3.5 2 1 3 5 5
3384.7 -4130.2 -32.9 4 0 12.2 19.2 14.0 3.5 2 1 4 5 5
3382.2 -4098.0 -33.0 2 0 14.6 15.9 10.5 0.0 0 1 3 4 4
3220.5 -4046.3 -32.1 92 0 10.3 20.2 14.0 3.5 2 1 4 2 2
3218.8 -4161.1 -31.8 90 0 9.0 16.9 10.5 3.5 4 1 3 2 2
2630.7 -4667.6 -26.2 84 0 16.6 40.0 7.5 2.5 2 1 3 3 3
2129.2 -4115.3 -20.0 89 0 12.1 23.5 14.0 3.5 2 1 4 4 4
2151.1 -4083.1 -20.6 269 0 21.0 11.3 14.0 3.5 2 0 4 1 1
1919.5 -3934.6 -14.0 1 0 14.6 7.3 10.5 3.5 2 0 3 0 0
1604.7 -4189.6 -5.7 71 0 13.6 18.1 14.0 0.0 0 1 4 3 3
1995.8 -3918.9 -16.1 180 0 11.2 11.1 17.5 0.0 0 0 5 2 2
1919.1 -3947.5 -14.1 1 0 8.8 7.1 10.5 0.0 0 0 3 2 2
1992.6 -3861.4 -15.3 90 0 14.9 16.1 14.0 0.0 0 1 4 3 3
1701.6 -5057.5 -4.4 7 0 13.1 10.1 17.5 3.5 2 0 5 2 2
1672.7 -5130.0 -4.1 82 0 7.4 12.1 10.5 3.5 2 1 3 1 1
1669.8 -5092.1 -4.0 175 0 14.2 9.3 10.5 3.5 2 0 3 2 2
1702.8 -5040.4 -4.5 359 0 16.9 15.8 17.5 0.0 0 0 5 0 0
1684.7 -5020.3 -4.4 272 0 5.5 8.6 10.5 3.5 2 1 3 0 0
1737.1 -5017.6 -5.1 265 0 10.1 11.8 17.5 3.5 2 1 5 4 4
1671.1 -5041.1 -4.4 182 0 13.0 10.1 17.5 3.5 2 0 5 1 1
1701.0 -5073.4 -4.3 8 0 13.0 10.1 17.5 3.5 2 0 5 2 2
1341.9 -5358.6 -3.7 184 0 8.5 7.5 10.5 3.5 2 0 3 2 2
1251.7 -5293.7 -3.0 178 0 29.6 19.0 17.5 3.5 2 0 5 3 3
1342.1 -5375.9 -3.8 173 0 10.2 10.7 17.5 0.0 0 1 5 4 4
1371.9 -5352.7 -3.8 2 0 7.6 14.2 10.5 3.5 2 1 3 0 0
1315.8 -5319.9 -3.4 3 0 11.6 39.1 17.5 3.5 2 1 5 5 5
1314.1 -5301.2 -3.3 3 0 12.0 37.2 17.5 0.0 0 1 5 3 3
1391.0 -5293.4 -3.6 175 0 8.7 9.6 10.5 3.5 2 1 3 3 3
1416.2 -5280.8 -3.6 94 0 10.3 15.0 17.5 3.5 4 1 5 2 2
1213.8 -3290.1 -5.8 273 0 7.9 22.1 10.5 3.5 2 1 3 0 0
1255.2 -3310.9 -4.8 271 0 12.3 31.3 14.0 3.5 2 1 4 3 3
1176.8 -2867.6 -10.3 360 0 8.9 6.8 10.5 3.5 4 0 3 2 2
1188.4 -2846.6 -11.6 3 0 12.5 7.9 10.5 3.5 2 0 3 4 4
1124.4 -2907.1 -7.4 91 0 13.0 22.7 14.0 3.5 2 1 4 1 1
1174.6 -2807.1 -12.1 273 0 8.7 20.1 10.5 3.5 2 1 3 0 0
1197.2 -2822.6 -12.6 2 0 8.7 10.2 10.5 3.5 2 1 3 4 4
1187.3 -2870.8 -10.7 2 0 6.1 8.3 10.5 3.5 2 1 3 2 2
1091.3 -2828.1 -7.6 176 0 6.1 6.8 10.5 3.5 2 1 3 1 1
1176.9 -2912.8 -9.7 87 0 11.2 24.4 14.0 3.5 4 1 4 3 3
-38.4 -2997.2 27.3 352 0 5.8 10.7 10.5 3.5 2 1 3 4 4
-37.9 -2973.5 27.4 351 0 6.7 10.4 10.5 3.5 2 1 3 3 3
-125.4 -2963.8 30.8 4 0 8.7 8.9 10.5 3.5 2 1 3 3 3
-121.4 -3023.6 30.5 0 0 11.7 12.7 14.0 3.5 4 1 4 1 1
-128.5 -2950.1 31.0 359 0 9.9 9.4 10.5 3.5 4 0 3 1 1
-151.5 -3039.4 31.3 178 0 7.2 10.1 10.5 0.0 0 1 3 5 5
-65.3 -3001.2 28.0 176 0 7.2 8.9 10.5 3.5 2 1 3 5 5
-152.9 -3029.0 31.3 177 0 8.9 11.7 10.5 3.5 2 1 3 5 5
-65.9 -2950.1 28.3 182 0 6.5 6.2 10.5 3.5 2 0 3 3 3
-125.0 -3012.4 30.7 358 0 7.1 9.1 10.5 3.5 4 1 3 3 3
-60.0 -3042.1 27.9 88 0 11.8 6.1 10.5 3.5 2 0 3 1 1
-67.3 -3027.1 28.0 170 0 6.0 11.0 10.5 3.5 2 1 3 2 2
-128.3 -3056.8 30.5 92 0 10.8 11.2 14.0 0.0 0 1 4 0 0
-38.0 -2925.5 27.5 1 0 12.1 12.9 17.5 3.5 2 1 5 3 3
-66.4 -2939.1 28.3 180 0 6.6 7.3 10.5 3.5 2 1 3 5 5
-155.2 -2961.6 31.4 182 0 5.4 17.1 10.5 3.5 2 1 3 1 1
-275.2 -3393.8 27.3 84 0 16.5 20.8 17.5 3.5 4 1 5 4 4
1218.7 -2932.2 -10.4 269 0 9.5 12.6 10.5 3.5 4 1 3 4 4
1270.2 -3075.6 -8.6 270 0 12.7 24.8 14.0 3.5 2 1 4 5 5
1241.8 -2931.3 -11.6 270 0 8.9 14.7 10.5 3.5 2 1 3 5 5
1306.8 -3048.7 -11.2 271 0 23.7 30.4 14.0 0.0 0 1 4 2 2
1739.8 -2810.4 -20.0 271 0 13.0 17.5 17.5 3.5 2 1 5 2 2
1824.3 -3451.3 -14.2 181 0 6.5 11.1 10.5 3.5 2 1 3 5 5
1862.3 -3422.5 -14.8 264 0 7.4 10.3 10.5 3.5 2 1 3 5 5
1773.0 -2810.4 -20.4 271 0 9.7 17.3 10.5 3.5 2 1 3 4 4
1773.0 -2901.4 -17.7 89 0 8.3 8.6 10.5 3.5 2 1 3 2 2
1927.7 -3444.6 -16.1 3 0 6.1 15.5 10.5 3.5 4 1 3 3 3
1696.5 -2856.8 -18.4 181 0 9.8 31.5 10.5 3.5 4 1 3 1 1
1925.3 -3510.2 -15.6 2 0 9.5 11.7 10.5 3.5 2 1 3 0 0
1747.7 -2917.1 -17.5 91 0 12.3 25.9 17.5 3.5 2 1 5 1 1
1807.9 -2914.0 -17.6 1 0 9.2 12.3 10.5 3.5 2 1 3 1 1
1924.5 -3468.2 -15.7 356 0 9.8 17.7 10.5 3.5 2 1 3 2 2
1815.6 -3516.8 -13.9 177 0 18.5 12.2 14.0 3.5 4 0 4 0 0
1658.8 -3281.7 -11.3 90 0 23.5 28.4 17.5 0.0 0 1 5 5 5
1575.5 -3208.1 -8.6 179 0 24.7 23.1 17.5 3.5 2 0 5 3 3
1590.7 -3244.1 -8.3 182 0 16.3 10.4 17.5 3.5 2 0 5 4 4
1680.2 -3220.7 -11.0 3 0 10.8 15.9 17.5 3.5 2 1 5 3 3
1637.3 -3173.5 -9.8 273 0 11.2 21.6 17.5 3.5 2 1 5 2 2
1622.7 -3182.3 -9.4 269 0 12.2 44.4 17.5 3.5 2 1 5 5 5
1652.8 -3242.6 -10.3 0 0 17.8 7.9 10.5 0.0 0 0 3 4 4
1682.1 -3237.1 -11.3 1 0 11.6 25.5 17.5 3.5 2 1 5 3 3
1495.5 -4298.7 -5.0 72 0 7.1 10.8 10.5 3.5 2 1 3 1 1
1435.7 -4192.2 -4.5 253 0 4.4 14.2 10.5 3.5 2 1 3 2 2
1447.6 -4292.9 -4.8 75 0 5.3 6.7 10.5 3.5 2 1 3 0 0
1423.7 -4265.0 -4.8 251 0 4.7 6.4 10.5 3.5 2 1 3 1 1
1412.7 -4269.4 -4.7 248 0 6.1 5.1 10.5 3.5 2 0 3 0 0
1504.1 -4272.6 -5.1 341 0 7.6 10.7 10.5 3.5 2 1 3 4 4
1417.5 -4305.1 -4.7 160 0 6.1 10.9 10.5 0.0 0 1 3 0 0
1441.3 -4261.3 -4.9 250 0 5.4 9.4 10.5 3.5 2 1 3 1 1
1400.1 -4273.7 -4.6 254 0 9.9 5.6 10.5 3.5 2 0 3 0 0
1486.4 -4299.9 -5.0 71 0 5.7 13.5 10.5 3.5 2 1 3 2 2
1496.1 -4245.5 -5.2 340 0 13.7 26.7 17.5 3.5 2 1 5 2 2
1454.6 -4309.2 -4.8 70 0 7.0 10.0 10.5 3.5 2 1 3 1 1
1441.5 -4315.4 -4.7 68 0 6.4 14.0 10.5 3.5 2 1 3 5 5
578.7 -4568.1 5.0 80 0 15.2 24.5 14.0 3.5 2 1 4 3 3
642.8 -4571.6 2.3 80 0 19.9 20.1 14.0 3.5 2 1 4 5 5
568.7 -4516.5 5.3 259 0 14.7 26.0 14.0 3.5 4 1 4 0 0
560.7 -4673.8 4.3 290 0 23.5 22.5 14.0 0.0 0 0 4 1 1
632.6 -4522.5 2.8 259 0 17.2 23.4 14.0 3.5 4 1 4 0 0
605.5 -4523.9 3.8 264 0 16.2 33.7 14.0 3.5 2 1 4 1 1
558.2 -4552.8 5.9 77 0 12.5 19.7 14.0 3.5 4 1 4 0 0
531.4 -4660.4 5.8 293 0 17.2 23.7 14.0 3.5 2 1 4 3 3
510.4 -4612.0 7.5 347 0 14.3 31.1 14.0 3.5 2 1 4 1 1
540.6 -4631.4 6.3 346 0 7.1 14.2 10.5 3.5 2 1 3 2 2
442.5 -4773.8 6.0 200 0 12.9 15.5 14.0 0.0 0 1 4 3 3
-684.2 -4023.2 34.6 1 0 25.3 35.4 14.0 0.0 0 1 4 2 2
-554.7 -4039.2 34.2 0 0 61.1 74.2 14.0 0.0 0 1 4 3 3
-684.7 -3987.6 34.8 1 0 24.9 34.7 14.0 0.0 0 1 4 2 2
-597.7 -3858.5 33.3 270 0 54.3 58.3 14.0 0.0 0 1 4 3 3
-683.6 -3890.3 35.2 1 0 60.9 43.6 14.0 0.0 0 0 4 5 5
-564.8 -4205.9 33.6 1 0 31.9 59.0 14.0 0.0 0 1 4 0 0
-564.2 -4237.2 33.4 0 0 26.5 59.5 14.0 3.5 4 1 4 2 2
1104.2 -5443.4 -2.9 2 0 13.6 6.8 10.5 3.5 2 0 3 0 0
1175.4 -5130.1 -1.8 9 0 10.7 14.6 14.0 3.5 4 1 4 1 1
-298.8 -5239.0 28.2 352 0 6.2 15.9 10.5 3.5 2 1 3 0 0
-144.6 -5262.8 23.0 92 0 9.8 22.2 10.5 3.5 2 1 3 2 2
-196.1 -5261.1 25.0 88 0 7.0 7.9 10.5 3.5 2 1 3 3 3
-265.8 -5265.3 26.8 90 0 8.1 11.1 10.5 3.5 2 1 3 0 0
1157.6 -5302.1 -2.5 272 0 6.6 7.9 10.5 0.0 0 1 3 4 4
1152.1 -5321.7 -2.6 189 0 10.7 5.4 10.5 3.5 2 0 3 3 3
1174.0 -5196.1 -2.1 14 0 7.6 14.0 10.5 3.5 2 1 3 1 1
1214.0 -5111.3 -1.9 358 0 10.5 8.8 10.5 3.5 2 0 3 1 1
1081.7 -5424.1 -2.7 92 0 9.7 25.5 10.5 3.5 4 1 3 2 2
1173.4 -5205.3 -2.1 358 0 7.9 12.0 10.5 0.0 0 1 3 3 3
1171.2 -5225.3 -2.2 355 0 6.9 9.7 10.5 3.5 2 1 3 0 0
1135.7 -5407.0 -2.9 87 0 7.2 7.5 10.5 3.5 4 1 3 0 0
1107.0 -5413.3 -2.8 7 0 20.9 12.7 14.0 3.5 2 0 4 5 5
1230.5 -5204.7 -2.4 0 0 7.6 10.5 10.5 3.5 2 1 3 1 1
956.7 -5443.4 -1.7 85 0 6.5 8.2 10.5 3.5 2 1 3 3 3
1009.4 -5420.6 -2.5 271 0 15.5 13.9 14.0 3.5 2 0 4 3 3
1007.0 -5489.7 -2.6 88 0 8.8 14.7 10.5 3.5 4 1 3 1 1
1000.1 -5461.7 -2.5 265 0 6.7 9.9 10.5 3.5 2 1 3 5 5
1248.8 -6113.4 -4.9 12 0 17.3 14.8 14.0 3.5 2 0 4 0 0
1287.8 -6125.7 -5.2 102 0 11.8 17.4 14.0 3.5 2 1 4 1 1
1218.8 -6117.5 -4.8 102 0 13.8 15.9 14.0 3.5 2 1 4 3 3
1239.8 -6226.5 -4.1 12 0 11.6 13.6 14.0 3.5 2 1 4 5 5
1268.6 -6052.0 -5.6 192 0 13.9 16.6 14.0 3.5 2 1 4 0 0
1106.9 -6008.7 -4.8 192 0 8.8 12.8 10.5 3.5 2 1 3 4 4
1249.9 -6066.6 -5.3 13 0 10.1 8.7 10.5 3.5 2 0 3 5 5
1300.9 -6070.4 -5.6 12 0 9.9 13.8 10.5 3.5 2 1 3 1 1
1117.9 -5949.3 -5.3 193 0 8.8 12.3 10.5 3.5 2 1 3 3 3
1253.1 -6051.3 -5.4 12 0 13.5 11.4 14.0 3.5 4 0 4 3 3
1091.1 -6081.6 -4.1 193 0 10.4 10.3 14.0 3.5 2 0 4 5 5
1197.6 -6084.7 -4.8 12 0 14.1 15.5 10.5 3.5 2 1 3 2 2
1098.3 -6034.2 -4.5 192 0 9.9 9.9 10.5 3.5 2 0 3 2 2
1169.9 -6080.8 -4.6 282 0 8.6 7.0 10.5 3.5 2 0 3 1 1
1240.1 -6192.3 -4.3 12 0 16.5 12.8 14.0 3.5 2 0 4 5 5
1106.0 -5996.1 -4.9 193 0 7.0 13.0 10.5 0.0 0 1 3 5 5
1110.7 -5984.2 -5.0 193 0 8.8 11.9 10.5 3.5 2 1 3 0 0
1093.7 -6050.8 -4.4 193 0 10.3 15.1 14.0 3.5 2 1 4 5 5
1112.1 -5972.0 -5.1 192 0 9.6 10.8 10.5 0.0 0 1 3 4 4
1301.3 -6086.8 -5.5 12 0 14.2 13.8 14.0 3.5 2 0 4 4 4
1236.7 -6133.0 -4.7 278 0 13.8 15.8 14.0 3.5 4 1 4 0 0
1176.5 -6228.5 -3.8 97 0 19.6 21.1 14.0 3.5 2 1 4 2 2
1177.4 -6238.1 -3.8 276 0 16.4 18.0 14.0 3.5 2 1 4 3 3
1242.5 -6172.3 -4.4 358 0 8.7 14.5 10.5 0.0 0 1 3 5 5
1206.9 -6187.9 -4.1 190 0 12.2 12.4 14.0 3.5 2 1 4 2 2
1202.2 -6211.9 -4.0 182 0 16.4 15.3 14.0 3.5 2 0 4 1 1
-1.8 -4919.1 23.5 355 0 9.4 14.6 10.5 0.0 0 1 3 2 2
58.6 -4953.7 21.2 359 0 6.5 21.7 10.5 3.5 2 1 3 0 0
-38.9 -4908.2 24.6 291 0 15.8 9.7 10.5 3.5 4 0 3 5 5
10.4 -4944.0 22.4 171 0 7.7 13.7 10.5 3.5 2 1 3 1 1
60.6 -4967.4 20.9 4 0 8.8 24.6 10.5 0.0 0 1 3 0 0
14.7 -4989.6 21.7 171 0 6.4 10.7 10.5 3.5 2 1 3 1 1
11.1 -4796.6 24.2 179 0 8.6 23.4 10.5 0.0 0 1 3 5 5
152.0 -4684.5 19.5 258 0 9.1 4.5 10.5 3.5 2 0 3 3 3
231.2 -4675.6 16.9 355 0 7.1 16.5 10.5 3.5 2 1 3 2 2
116.6 -4867.4 20.5 1 0 4.4 8.7 10.5 3.5 2 1 3 0 0
54.4 -4907.3 21.8 270 0 10.4 7.4 10.5 3.5 2 0 3 1 1
50.4 -5030.8 20.0 267 0 14.8 10.0 10.5 0.0 0 0 3 2 2
-18.4 -4831.4 25.3 358 0 10.0 6.3 10.5 3.5 2 0 3 4 4
12.0 -5101.0 20.1 171 0 4.4 16.3 10.5 3.5 2 1 3 0 0
13.5 -5081.4 20.3 175 0 6.2 13.7 10.5 3.5 2 1 3 3 3
30.0 -4657.6 25.0 271 0 9.7 5.6 10.5 3.5 2 0 3 1 1
16.6 -4705.7 25.1 180 0 5.9 9.3 10.5 3.5 2 1 3 0 0
-3.6 -4629.1 27.0 4 0 7.0 13.9 10.5 3.5 2 1 3 0 0
21.0 -4767.7 24.9 86 0 12.0 9.8 10.5 3.5 2 0 3 4 4
-50.1 -4553.8 29.1 180 0 13.1 15.6 17.5 3.5 2 1 5 5 5
-1.2 -4594.0 27.5 0 0 6.8 10.2 10.5 0.0 0 1 3 3 3
-49.0 -4615.3 28.3 180 0 6.8 16.7 10.5 3.5 2 1 3 5 5
-3.3 -4547.9 28.0 353 0 5.1 11.3 10.5 3.5 2 1 3 4 4
-50.9 -4592.9 28.7 184 0 8.5 14.4 10.5 3.5 2 1 3 1 1
-46.2 -4627.6 27.8 177 0 9.6 18.5 10.5 3.5 2 1 3 2 2
15.8 -4728.1 25.3 173 0 5.0 7.8 10.5 3.5 2 1 3 0 0
1136.4 -2024.7 -10.9 243 0 15.0 19.2 14.0 3.5 2 1 4 1 1
1147.6 -2105.2 -7.8 3 0 6.4 7.0 10.5 3.5 2 1 3 1 1
1148.0 -2117.9 -7.3 357 0 7.5 8.0 10.5 3.5 2 1 3 3 3
1379.6 -2184.2 -9.2 7 0 9.3 8.6 10.5 3.5 2 0 3 0 0
1367.2 -2287.8 -8.9 143 0 11.4 20.0 14.0 3.5 2 1 4 5 5
1283.4 -2296.2 -6.4 234 0 8.9 21.2 10.5 3.5 4 1 3 4 4
1334.4 -2275.5 -7.3 325 0 17.6 14.3 14.0 3.5 2 0 4 2 2
1256.7 -2027.2 -11.9 273 0 14.1 13.2 14.0 3.5 2 0 4 5 5
1343.6 -2077.6 -10.8 186 0 7.7 14.0 10.5 3.5 2 1 3 0 0
1211.6 -2167.6 -7.3 0 0 14.2 12.0 10.5 0.0 0 0 3 0 0
1142.2 -2172.7 -6.2 358 0 7.0 10.6 10.5 0.0 0 1 3 2 2
1228.0 -2062.0 -11.1 359 0 15.5 18.8 10.5 3.5 2 1 3 5 5
1262.3 -2167.7 -6.9 175 0 11.2 9.0 10.5 3.5 2 0 3 1 1
1342.4 -2090.3 -10.5 181 0 8.1 14.7 10.5 3.5 2 1 3 5 5
1142.3 -2158.7 -6.2 359 0 9.1 7.5 10.5 3.5 2 0 3 4 4
1229.2 -2109.2 -9.4 355 0 15.4 18.5 10.5 3.5 2 1 3 0 0
1256.7 -2062.1 -10.7 185 0 16.7 11.0 14.0 3.5 2 0 4 1 1
1099.9 -2086.7 -8.2 184 0 10.0 10.4 10.5 3.5 2 1 3 3 3
1346.7 -2250.2 -7.2 164 0 10.3 4.6 10.5 3.5 4 0 3 1 1
1293.7 -2329.7 -6.8 148 0 6.9 7.2 10.5 3.5 2 1 3 2 2
1388.9 -2207.1 -9.0 0 0 11.2 25.0 14.0 3.5 2 1 4 4 4
1398.7 -2276.6 -9.3 56 0 7.3 14.3 10.5 3.5 2 1 3 5 5
1087.9 -2116.5 -8.2 179 0 4.7 14.5 10.5 3.5 2 1 3 2 2
1115.2 -2323.5 -5.1 90 0 5.2 12.2 10.5 3.5 2 1 3 3 3
944.8 -2345.7 -4.9 278 0 11.2 10.4 14.0 3.5 4 0 4 5 5
1013.0 -2349.0 -5.9 272 0 7.8 5.2 10.5 3.5 2 0 3 1 1
929.0 -2391.5 -4.7 137 0 13.2 9.8 10.5 3.5 2 0 3 0 0
902.6 -2373.0 -3.9 87 0 4.7 7.0 10.5 3.5 2 1 3 5 5
1049.5 -2370.0 -6.3 180 0 9.5 4.3 10.5 3.5 2 0 3 3 3
1027.1 -2408.3 -7.9 0 0 11.3 11.3 14.0 3.5 2 0 4 2 2
936.9 -2405.8 -5.0 136 0 10.7 7.5 10.5 3.5 2 0 3 5 5
942.1 -2358.6 -4.7 259 0 9.3 10.1 10.5 3.5 2 1 3 1 1
1165.0 -2374.7 -7.1 357 0 6.0 12.5 10.5 0.0 0 1 3 2 2
1066.8 -2347.5 -6.2 269 0 8.6 9.9 10.5 3.5 4 1 3 0 0
923.8 -2346.4 -4.6 273 0 11.8 9.5 10.5 3.5 2 0 3 3 3
1166.6 -2385.0 -7.7 356 0 8.0 9.3 10.5 3.5 2 1 3 5 5
1304.5 -2383.3 -9.9 327 0 17.3 11.8 14.0 3.5 2 0 4 3 3
1100.7 -2238.1 -6.6 267 0 19.7 14.4 17.5 3.5 2 0 5 4 4
1011.4 -2151.3 -8.6 273 0 19.3 14.9 10.5 3.5 2 0 3 2 2
1175.1 -2302.6 -3.5 156 0 15.4 9.8 10.5 3.5 2 0 3 4 4
1060.2 -2313.0 -7.0 352 0 7.4 9.9 10.5 3.5 2 1 3 5 5
987.3 -2246.8 -6.8 355 0 12.0 12.9 17.5 3.5 2 1 5 3 3
928.3 -2245.4 -6.4 181 0 14.4 30.2 17.5 0.0 0 1 5 1 1
1152.3 -2288.2 -4.7 358 0 8.8 16.3 10.5 3.5 2 1 3 4 4
1109.3 -2280.4 -5.6 179 0 7.4 11.2 10.5 3.5 2 1 3 1 1
1207.6 -2297.3 -3.3 64 0 11.8 6.6 10.5 3.5 4 0 3 4 4
932.9 -2172.6 -7.0 176 0 10.4 8.1 10.5 3.5 2 0 3 2 2
1194.7 -2303.0 -3.4 66 0 6.3 9.8 10.5 3.5 2 1 3 2 2
1013.5 -2198.0 -8.0 88 0 13.4 6.5 10.5 3.5 2 0 3 5 5
1155.6 -2269.2 -4.9 359 0 19.8 18.4 17.5 3.5 2 0 5 3 3
1207.9 -2316.7 -4.3 61 0 7.0 12.5 10.5 3.5 2 1 3 2 2
1247.3 -2288.5 -4.5 331 0 12.4 12.7 14.0 3.5 4 1 4 4 4
1070.1 -2267.6 -7.4 356 0 9.3 14.9 10.5 3.5 2 1 3 4 4
1186.4 -2325.9 -4.5 68 0 8.3 12.1 10.5 3.5 2 1 3 1 1
1218.4 -2310.5 -4.1 62 0 9.9 10.5 10.5 3.5 2 1 3 0 0
1609.3 -2335.9 -15.3 151 0 22.3 8.2 10.5 0.0 0 0 3 4 4
1533.3 -2381.3 -15.1 154 0 14.6 17.5 14.0 3.5 2 1 4 1 1
1633.1 -2363.3 -17.2 52 0 15.4 13.6 17.5 3.5 2 0 5 3 3
1675.3 -2368.7 -19.8 239 0 14.3 9.0 10.5 3.5 2 0 3 2 2
1433.4 -2371.6 -12.5 150 0 13.4 7.2 10.5 3.5 2 0 3 2 2
1505.2 -2329.4 -14.4 147 0 17.7 13.9 14.0 3.5 2 0 4 4 4
1563.5 -2329.4 -14.5 317 0 13.7 11.4 14.0 3.5 2 0 4 2 2
1602.4 -2376.0 -17.5 322 0 16.7 15.3 14.0 3.5 2 0 4 3 3
1766.8 -2292.0 -18.7 228 0 6.0 13.4 10.5 3.5 2 1 3 0 0
1550.4 -2463.8 -21.1 326 0 19.1 19.6 14.0 3.5 2 1 4 5 5
1472.1 -2488.9 -21.5 326 0 15.0 8.5 10.5 3.5 4 0 3 4 4
1435.1 -2426.3 -14.4 326 0 11.6 22.7 14.0 3.5 2 1 4 3 3
999.6 -2422.5 -6.9 92 0 6.8 7.9 10.5 3.5 2 1 3 5 5
960.4 -2407.0 -5.2 86 0 8.8 7.0 10.5 3.5 2 0 3 1 1
994.0 -2394.3 -5.5 99 0 12.5 8.3 10.5 3.5 2 0 3 0 0
959.1 -2369.8 -4.8 276 0 8.3 7.1 10.5 3.5 2 0 3 4 4
1625.1 -2410.6 -20.4 326 0 13.8 6.0 10.5 3.5 4 0 3 2 2
1009.8 -2332.3 -6.2 87 0 6.4 8.8 10.5 3.5 2 1 3 4 4
1175.9 -2363.8 -7.1 268 0 6.1 10.9 10.5 3.5 2 1 3 1 1
1011.9 -2299.0 -6.6 172 0 5.9 6.3 10.5 3.5 2 1 3 2 2
1008.9 -2273.6 -7.0 183 0 12.5 9.7 10.5 3.5 2 0 3 5 5
871.2 -2300.7 -4.7 177 0 13.9 28.1 14.0 3.5 2 1 4 0 0
984.4 -2274.6 -6.4 359 0 12.3 13.4 17.5 3.5 2 1 5 5 5
721.8 -4811.6 0.9 23 0 60.7 91.6 17.5 0.0 0 1 5 4 4
1873.2 -2531.6 -31.1 240 0 37.7 59.2 14.0 0.0 0 1 4 3 3
1078.7 -1991.5 -11.2 92 0 65.8 13.1 10.5 3.5 2 0 3 1 1
1437.8 -2244.9 -10.3 310 0 15.7 18.2 14.0 0.0 0 1 4 4 4
924.2 -3026.4 -4.6 89 0 23.6 80.4 17.5 0.0 0 1 5 5 5
495.9 -3525.8 7.1 239 0 24.6 33.5 14.0 0.0 0 1 4 3 3
382.9 -3530.9 11.8 334 0 46.2 33.1 17.5 0.0 0 0 5 4 4
652.9 -3329.7 2.9 156 0 39.8 43.9 17.5 0.0 0 1 5 1 1
1564.9 -3095.9 -11.1 359 0 29.8 14.1 17.5 3.5 2 0 5 4 4
1929.2 -2660.9 -24.9 350 0 48.0 26.7 17.5 0.0 0 0 5 2 2
1495.6 -5729.7 -9.1 275 0 25.1 72.3 14.0 0.0 0 1 4 2 2
483.0 -5285.6 8.3 91 0 51.1 59.5 14.0 0.0 0 1 4 3 3
1342.8 -3050.5 -11.9 271 0 20.8 36.5 17.5 0.0 0 1 5 5 5
1844.7 -2603.5 -26.9 343 0 17.5 63.5 14.0 0.0 0 1 4 2 2
1370.4 -2917.6 -16.1 91 0 16.8 20.3 14.0 3.5 4 1 4 0 0
735.1 -3271.3 0.0 89 0 26.3 54.1 17.5 3.5 2 1 5 0 0
1738.4 -2120.6 -19.4 336 0 42.5 84.4 14.0 0.0 0 1 4 4 4
777.9 -3995.8 1.4 244 0 23.0 72.9 21.0 0.0 0 1 6 5 5
133.6 -5636.8 7.1 146 0 75.5 139.7 14.0 0.0 0 1 4 0 0
1685.5 -3121.4 -11.2 0 0 26.8 27.0 17.5 0.0 0 1 5 0 0
1068.5 -4438.1 -1.3 36 0 15.3 15.1 14.0 3.5 2 0 4 1 1
1074.4 -3022.5 -4.1 360 0 26.1 26.2 14.0 0.0 0 1 4 1 1
1629.9 -2974.0 -13.7 91 0 11.8 16.1 17.5 3.5 2 1 5 0 0
95.8 -3089.9 21.8 350 0 11.7 23.1 17.5 3.5 2 1 5 1 1
1685.9 -1772.0 -23.2 133 0 17.5 84.0 14.0 0.0 0 1 4 0 0
1675.1 -1641.3 -20.7 14 0 63.4 33.0 14.0 0.0 0 0 4 3 3
2166.3 -1072.9 -26.8 108 0 80.0 65.7 14.0 0.0 0 0 4 1 1
2218.4 -1489.6 -31.5 108 0 90.7 64.3 14.0 0.0 0 0 4 0 0
2306.2 -1391.1 -31.2 17 0 59.5 88.0 14.0 0.0 0 1 4 0 0
2076.5 -1088.4 -21.2 26 0 22.1 20.0 14.0 3.5 2 0 4 4 4
2315.4 -1005.5 -28.9 111 0 35.7 44.4 14.0 0.0 0 1 4 5 5
2220.2 -973.7 -22.2 108 0 26.5 99.0 14.0 0.0 0 1 4 3 3
2440.0 -931.1 -30.2 288 0 32.1 107.4 14.0 0.0 0 1 4 5 5
2140.7 -1173.5 -29.0 109 0 70.2 74.3 14.0 0.0 0 1 4 3 3
2253.9 -1033.6 -29.1 288 0 30.8 48.4 14.0 0.0 0 1 4 4 4
2195.6 -1212.8 -29.6 288 0 31.4 45.5 14.0 0.0 0 1 4 4 4
2328.2 -1227.3 -30.8 107 0 89.5 65.6 14.0 0.0 0 0 4 5 5
2173.5 -958.5 -19.2 106 0 27.9 75.2 14.0 0.0 0 1 4 4 4
2099.1 -1108.5 -25.2 195 0 47.6 19.2 14.0 3.5 2 0 4 2 2
2268.0 -990.3 -25.5 106 0 30.0 90.3 14.0 0.0 0 1 4 0 0
2334.2 -1058.6 -30.0 287 0 60.2 49.2 14.0 0.0 0 0 4 2 2
2121.2 -1190.4 -29.0 287 0 76.8 48.0 14.0 0.0 0 0 4 1 1
2142.0 -947.1 -16.8 105 0 14.7 68.9 14.0 3.5 2 1 4 4 4
2105.5 -1405.4 -30.2 290 0 89.1 48.5 14.0 0.0 0 0 4 5 5
2080.8 -1368.9 -29.4 109 0 32.7 71.3 14.0 0.0 0 1 4 0 0
2489.0 -1114.6 -31.3 288 0 25.1 31.1 14.0 0.0 0 1 4 0 0
2487.1 -947.9 -30.6 285 0 35.0 105.8 14.0 0.0 0 1 4 1 1
2542.1 -965.2 -31.1 288 0 37.3 108.7 14.0 0.0 0 1 4 5 5
692.9 -4900.1 1.3 20 0 73.8 45.9 17.5 0.0 0 0 5 3 3
489.3 -5179.5 6.5 93 0 54.4 20.4 17.5 3.5 2 0 5 0 0
314.7 -3358.6 15.9 290 0 17.9 16.0 17.5 3.5 4 0 5 3 3
1197.1 -2788.9 -13.8 358 0 11.3 12.1 14.0 3.5 2 1 4 5 5
1705.2 -3283.8 -12.9 92 0 19.2 23.5 17.5 3.5 2 1 5 0 0
337.5 -3404.0 14.1 207 0 18.7 19.7 17.5 3.5 2 1 5 2 2
360.7 -3496.4 13.3 335 0 13.8 32.3 17.5 3.5 4 1 5 4 4
573.1 -3760.2 5.0 152 0 25.3 32.8 14.0 0.0 0 1 4 5 5
652.8 -3624.1 3.2 154 0 16.8 24.1 17.5 0.0 0 1 5 3 3
478.2 -6038.8 0.1 192 0 40.0 63.1 14.0 0.0 0 1 4 2 2
1726.5 -2809.5 -19.8 271 0 10.9 20.3 17.5 3.5 2 1 5 5 5
1073.6 -3259.8 -2.6 0 0 22.9 13.5 14.0 3.5 2 0 4 0 0
1122.8 -3263.0 -4.1 92 0 15.6 25.8 17.5 3.5 2 1 5 4 4
1214.9 -3161.7 -5.0 90 0 12.6 40.8 14.0 3.5 2 1 4 2 2
1557.9 -2718.5 -22.5 93 0 17.6 16.3 14.0 3.5 2 0 4 4 4
-561.0 -3689.6 32.1 272 0 48.9 41.4 10.5 0.0 0 0 3 0 0
-593.8 -4350.6 33.0 270 0 76.8 68.6 14.0 0.0 0 0 4 5 5
-674.4 -4578.2 32.9 0 0 123.3 54.3 14.0 0.0 0 0 4 0 0
-701.9 -4348.4 33.4 270 0 31.1 77.5 14.0 0.0 0 1 4 2 2
-554.8 -4516.5 32.7 360 0 87.8 75.2 14.0 0.0 0 0 4 0 0
-683.9 -4169.6 33.9 2 0 43.6 29.7 14.0 0.0 0 0 4 1 1
-683.6 -4111.4 34.2 0 0 30.7 30.4 14.0 0.0 0 0 4 4 4
-686.9 -4487.6 33.2 358 0 41.9 60.6 14.0 0.0 0 1 4 0 0
-703.4 -4321.2 33.6 89 0 38.3 45.6 14.0 0.0 0 1 4 0 0
1001.2 -3289.7 -1.9 271 0 21.0 51.3 14.0 0.0 0 1 4 5 5
1317.1 -3263.6 -5.1 3 0 27.0 13.4 17.5 3.5 2 0 5 1 1
1086.5 -3408.1 -4.4 271 0 7.6 17.5 10.5 3.5 2 1 3 4 4
1095.5 -3530.5 -2.5 271 0 23.4 24.1 14.0 3.5 4 1 4 3 3
884.0 -3262.7 0.1 87 0 7.3 18.8 10.5 3.5 2 1 3 1 1
1687.6 -2896.1 -15.1 1 0 14.3 16.4 17.5 3.5 2 1 5 1 1
1550.5 -2809.2 -18.8 270 0 21.1 26.0 17.5 3.5 2 1 5 4 4
1638.1 -2931.9 -14.4 270 0 12.2 23.0 17.5 3.5 2 1 5 5 5
1664.4 -2930.5 -14.0 271 0 12.5 25.5 17.5 3.5 2 1 5 1 1
1579.0 -2918.2 -16.8 90 0 9.2 25.0 10.5 3.5 2 1 3 4 4
1329.5 -3118.1 -10.3 182 0 26.5 22.3 14.0 3.5 2 0 4 5 5
1439.1 -3026.4 -13.1 360 0 29.5 26.1 17.5 0.0 0 0 5 1 1
1763.4 -2799.3 -21.2 91 0 13.5 19.0 17.5 3.5 2 1 5 4 4
2021.3 -2487.6 -32.5 182 0 20.6 27.6 14.0 3.5 2 1 4 5 5
1699.0 -3025.7 -12.2 179 0 26.3 26.2 17.5 0.0 0 0 5 4 4
1782.7 -2716.2 -21.3 91 0 11.6 25.1 17.5 3.5 2 1 5 3 3
1683.6 -2786.8 -20.1 0 0 10.1 8.0 10.5 3.5 2 0 3 5 5
1650.5 -2785.0 -19.1 178 0 17.2 13.6 14.0 3.5 4 0 4 0 0
1552.5 -2796.8 -20.1 90 0 9.9 36.2 10.5 3.5 2 1 3 5 5
1310.8 -2793.8 -19.3 89 0 11.3 19.7 14.0 3.5 2 1 4 4 4
1274.7 -2788.2 -18.4 91 0 14.6 20.5 14.0 3.5 2 1 4 2 2
1459.8 -3066.3 -12.6 91 0 13.8 32.1 17.5 3.5 2 1 5 5 5
1679.9 -2984.1 -12.7 89 0 11.0 25.5 17.5 3.5 2 1 5 3 3
1667.1 -2978.7 -13.0 89 0 10.4 21.7 17.5 3.5 2 1 5 5 5
1642.4 -2985.5 -13.4 90 0 10.6 26.9 17.5 0.0 0 1 5 5 5
1710.7 -2926.3 -13.3 270 0 23.0 29.2 17.5 0.0 0 1 5 3 3
1626.8 -2811.5 -18.5 270 0 10.1 30.5 17.5 3.5 2 1 5 0 0
1700.5 -2818.5 -19.5 181 0 13.0 13.9 17.5 0.0 0 1 5 1 1
1885.7 -2623.7 -24.4 250 0 15.8 18.2 17.5 3.5 2 1 5 1 1
1483.5 -3425.7 -7.3 269 0 13.2 47.9 17.5 3.5 4 1 5 4 4
404.6 -3574.9 10.9 330 0 15.0 9.1 10.5 3.5 2 0 3 3 3
459.3 -3553.2 9.1 333 0 14.1 17.9 17.5 3.5 2 1 5 4 4
821.0 -4155.1 2.1 339 0 26.9 28.1 17.5 0.0 0 1 5 2 2
830.2 -3981.0 0.5 152 0 24.7 17.3 14.0 3.5 2 0 4 5 5
916.5 -3905.4 -0.7 329 0 15.2 14.6 17.5 3.5 2 0 5 1 1
777.4 -6072.9 -2.0 248 0 9.8 13.6 10.5 3.5 2 1 3 4 4
1486.8 -6476.3 -5.7 274 0 25.4 32.9 14.0 0.0 0 1 4 4 4
1775.3 -6003.7 -7.9 177 1 11.3 10.9 14.0 3.5 2 0 4 3 3
1782.3 -5935.9 -7.7 182 0 17.2 16.3 10.5 3.5 2 0 3 2 2
1727.1 -6012.6 -8.5 185 1 14.3 16.5 14.0 3.5 2 1 4 2 2
1729.9 -5967.1 -7.9 181 0 16.9 16.2 14.0 3.5 2 0 4 4 4
661.5 -6131.7 -1.0 179 0 21.6 15.1 14.0 3.5 2 0 4 2 2
540.4 -5973.4 0.4 8 0 25.0 8.3 10.5 3.5 2 0 3 2 2
514.4 -3356.6 6.7 338 0 35.4 28.1 14.0 0.0 0 0 4 3 3
519.8 -3974.6 8.7 334 0 37.3 24.7 14.0 0.0 0 0 4 5 5
560.7 -3915.2 7.1 331 0 18.5 18.5 14.0 3.5 2 0 4 3 3
558.4 -3842.7 6.2 152 0 39.2 16.2 17.5 3.5 2 0 5 5 5
400.0 -3550.3 10.0 150 0 13.4 26.7 14.0 3.5 2 1 4 2 2
585.9 -3463.6 5.3 64 0 11.0 22.0 17.5 3.5 2 1 5 4 4
-167.1 -2992.3 32.4 3 1 14.6 15.8 14.0 3.5 2 1 4 1 1
238.6 -2934.1 13.8 360 0 24.6 27.4 14.0 0.0 0 1 4 4 4
1093.9 -3053.0 -4.6 268 0 12.7 22.8 14.0 3.5 4 1 4 4 4
87.7 -3200.8 21.7 80 0 19.4 17.9 17.5 3.5 4 0 5 1 1
1094.0 -3039.7 -4.8 91 0 15.0 17.4 17.5 3.5 2 1 5 3 3
1330.3 -3148.6 -9.4 180 0 22.5 22.8 14.0 3.5 2 1 4 4 4
1328.6 -3306.0 -4.8 181 0 24.9 13.8 17.5 3.5 2 0 5 5 5
1324.3 -3266.7 -5.6 179 0 26.9 14.9 14.0 3.5 2 0 4 2 2
1580.3 -3281.7 -7.9 88 0 11.3 23.4 17.5 3.5 2 1 5 2 2
1555.0 -3187.8 -8.7 359 0 18.3 10.7 17.5 3.5 4 0 5 3 3
1328.4 -2842.9 -17.8 181 0 20.8 29.5 14.0 0.0 0 1 4 3 3
1301.3 -4109.8 -3.3 208 0 10.5 22.2 17.5 3.5 2 1 5 3 3
296.0 -4001.4 15.7 181 0 11.7 10.6 14.0 3.5 2 0 4 0 0
1436.7 -3195.7 -8.8 359 0 39.1 26.9 14.0 0.0 0 0 4 5 5
1220.4 -3175.3 -5.1 272 0 25.2 27.6 17.5 0.0 0 1 5 0 0
1207.9 -3222.0 -5.4 178 0 14.6 28.3 17.5 0.0 0 1 5 2 2
1191.9 -3183.0 -5.5 360 0 15.6 12.8 17.5 3.5 2 0 5 4 4
1091.7 -3290.7 -3.3 271 0 9.7 20.5 10.5 3.5 2 1 3 0 0
855.5 -3271.8 0.6 89 0 27.6 15.3 17.5 3.5 2 0 5 4 4
829.3 -3255.6 1.5 0 0 28.5 17.7 17.5 3.5 2 0 5 1 1
802.9 -3264.5 1.6 90 0 14.5 22.1 17.5 3.5 4 1 5 2 2
1479.7 -3280.2 -7.4 92 0 25.6 19.8 17.5 3.5 2 0 5 0 0
1672.8 -2810.0 -17.8 269 0 23.2 23.8 17.5 0.0 0 1 5 2 2
1653.7 -2808.5 -18.1 270 0 11.4 25.2 17.5 3.5 2 1 5 1 1
1568.1 -2787.6 -19.9 90 0 13.7 16.6 17.5 3.5 2 1 5 1 1
1315.6 -2743.6 -20.3 0 0 14.0 30.5 14.0 3.5 4 1 4 2 2
1333.5 -3398.9 -4.5 90 0 13.8 25.6 17.5 3.5 2 1 5 0 0
1286.9 -2808.4 -17.6 267 0 7.6 10.6 10.5 3.5 2 1 3 5 5
1191.0 -3209.6 -5.6 358 0 11.1 24.8 17.5 3.5 2 1 5 2 2
826.3 -3382.1 0.9 360 0 22.9 17.6 17.5 3.5 2 0 5 4 4
697.6 -3411.0 3.1 65 0 13.0 18.3 17.5 3.5 2 1 5 4 4
1405.4 -3294.0 -6.1 271 0 13.4 18.4 17.5 0.0 0 1 5 4 4
865.7 -4075.8 0.8 334 0 43.9 50.3 21.0 0.0 0 1 6 4 4
802.1 -3967.5 0.8 63 0 14.8 21.3 17.5 3.5 2 1 5 4 4
803.2 -3983.4 1.0 244 0 21.6 22.7 21.0 0.0 0 1 6 1 1
660.5 -3747.9 2.9 242 0 17.4 17.4 17.5 3.5 2 1 5 0 0
2033.7 -2561.3 -30.8 89 0 35.2 52.9 14.0 0.0 0 1 4 0 0
1997.2 -2909.0 -23.8 163 0 17.3 14.6 14.0 3.5 2 0 4 3 3
1909.8 -2916.0 -19.8 90 0 12.8 15.9 14.0 3.5 2 1 4 2 2
1928.4 -2855.4 -21.1 359 0 10.5 25.3 14.0 3.5 2 1 4 1 1
1768.3 -2717.8 -21.4 91 0 11.9 28.5 17.5 3.5 4 1 5 1 1
1709.4 -2644.4 -26.5 163 0 24.0 8.6 10.5 3.5 2 0 3 2 2
1220.6 -5756.5 -7.4 4 0 25.4 28.4 14.0 0.0 0 1 4 2 2
982.3 -5586.2 -1.9 266 0 21.5 30.0 14.0 0.0 0 1 4 4 4
991.4 -5662.4 -2.2 87 0 26.0 25.3 14.0 0.0 0 0 4 1 1
1802.7 -2744.2 -22.1 1 0 20.9 17.5 10.5 3.5 2 0 3 1 1
536.9 -3572.3 6.3 332 0 13.0 19.8 14.0 3.5 2 1 4 2 2
528.2 -3559.8 6.7 331 0 11.8 15.8 14.0 3.5 2 1 4 2 2
-442.4 -2017.7 31.4 33 0 48.0 18.5 10.0 2.5 2 0 4 0 0
-267.1 -2058.8 28.7 84 0 25.0 32.6 7.5 0.0 0 1 3 4 4
2107.0 -3196.5 -24.1 333 0 12.8 8.1 10.5 3.5 2 0 3 3 3
2189.5 -3424.3 -24.3 268 0 11.0 23.1 14.0 3.5 2 1 4 4 4
2228.5 -3519.0 -24.7 68 0 7.8 30.3 10.5 3.5 2 1 3 1 1
720.4 -5031.0 0.8 281 0 18.2 19.4 14.0 3.5 2 1 4 5 5
562.2 -3622.5 5.1 333 0 32.3 20.7 14.0 0.0 0 0 4 0 0
556.6 -3551.5 5.6 149 0 13.3 14.3 14.0 3.5 2 1 4 5 5
823.9 -3665.7 -0.3 243 0 15.3 19.5 17.5 3.5 2 1 5 2 2
553.8 -5665.9 3.3 359 0 34.4 8.7 10.5 3.5 2 0 3 3 3
543.6 -5730.0 2.8 90 0 6.1 33.4 10.5 3.5 2 1 3 1 1
1660.3 -2918.7 -15.4 90 0 18.9 29.1 17.5 3.5 2 1 5 3 3
1963.1 -3051.0 -20.4 270 0 11.6 25.1 17.5 3.5 2 1 5 5 5
1949.4 -3051.1 -19.7 271 0 12.7 13.6 17.5 3.5 2 1 5 5 5
1927.4 -3224.3 -17.8 2 0 13.0 24.0 14.0 0.0 0 1 4 4 4
1576.9 -3172.2 -9.1 269 0 6.7 15.0 10.5 3.5 2 1 3 0 0
1192.6 -3301.7 -5.8 360 0 26.7 22.9 17.5 0.0 0 0 5 4 4
974.5 -2928.8 -2.8 270 0 16.7 25.9 14.0 0.0 0 1 4 5 5
952.0 -3055.7 -1.9 0 0 11.0 11.1 14.0 3.5 2 1 4 2 2
952.4 -3148.4 -1.7 1 0 24.8 12.5 14.0 3.5 2 0 4 0 0
972.5 -3269.6 -1.7 84 0 11.4 22.8 14.0 3.5 2 1 4 5 5
967.4 -3239.1 -1.8 178 0 11.5 19.0 14.0 3.5 2 1 4 4 4
1263.8 -4642.9 -4.3 91 0 26.5 21.5 17.5 3.5 4 0 5 3 3
827.9 -4652.4 0.6 205 0 10.1 21.7 14.0 3.5 2 1 4 0 0
875.3 -4635.6 0.7 204 0 25.3 9.5 10.5 3.5 2 0 3 0 0
835.6 -4784.8 0.4 30 0 15.3 19.4 14.0 3.5 2 1 4 2 2
2023.7 -2609.6 -26.3 180 0 15.9 17.6 17.5 3.5 2 1 5 2 2
2035.9 -2635.2 -25.2 180 0 23.2 12.8 17.5 3.5 2 0 5 3 3
1871.8 -2715.2 -22.6 92 0 16.2 12.3 17.5 3.5 2 0 5 3 3
1931.3 -2779.4 -22.9 357 0 23.7 22.8 17.5 3.5 2 0 5 0 0
1825.3 -2795.1 -22.4 88 0 9.5 26.8 10.5 3.5 2 1 3 1 1
1579.1 -2985.9 -14.5 89 0 8.9 24.1 10.5 3.5 2 1 3 5 5
1629.6 -3053.7 -11.0 81 0 8.3 13.6 10.5 0.0 0 1 3 5 5
1315.2 -3303.0 -4.5 1 0 24.8 10.7 14.0 3.5 2 0 4 4 4
1093.6 -3175.0 -3.7 270 0 11.7 24.4 17.5 3.5 2 1 5 0 0
1037.9 -3196.8 -2.5 270 0 12.4 25.5 14.0 3.5 2 1 4 5 5
1087.5 -2992.1 -4.6 180 0 6.1 14.8 10.5 3.5 2 1 3 5 5
2190.4 -3543.2 -23.0 266 0 8.3 10.4 10.5 3.5 2 1 3 3 3
1707.7 -2917.4 -15.0 88 0 15.2 41.4 17.5 3.5 2 1 5 0 0
1712.5 -3526.7 -11.6 90 0 11.8 25.6 14.0 3.5 2 1 4 2 2
1603.5 -3540.5 -9.1 270 0 12.0 26.1 17.5 3.5 4 1 5 4 4
662.1 -6083.3 -1.4 177 0 26.6 12.6 14.0 3.5 2 0 4 0 0
771.4 -5635.6 2.5 269 0 34.4 51.4 14.0 0.0 0 1 4 2 2
1885.7 -3055.3 -16.7 270 0 12.3 34.0 17.5 3.5 2 1 5 4 4
646.1 -4998.7 1.3 22 0 31.8 6.9 10.5 3.5 2 0 3 4 4
1302.7 -3778.8 -3.8 273 0 10.9 23.5 14.0 3.5 2 1 4 1 1
1331.9 -2859.7 -17.1 181 0 9.7 25.2 10.5 3.5 2 1 3 2 2
704.7 -5768.8 1.7 259 0 36.4 16.4 14.0 3.5 2 0 4 4 4
1821.8 -3002.4 -15.4 179 0 13.3 26.6 17.5 0.0 0 1 5 5 5
1218.8 -5280.1 -2.8 179 0 21.4 12.3 14.0 3.5 2 0 4 1 1
878.6 -4619.4 0.4 115 0 22.0 9.2 10.5 3.5 2 0 3 1 1
847.6 -4600.8 0.2 203 0 9.8 22.8 10.5 3.5 2 1 3 0 0
867.0 -4649.3 0.7 290 0 21.6 11.0 14.0 3.5 2 0 4 5 5
859.0 -4670.1 0.6 110 0 22.2 9.3 10.5 0.0 0 0 3 5 5
884.7 -4671.0 0.4 21 0 22.8 9.5 10.5 3.5 2 0 3 3 3
832.5 -4641.1 0.5 204 0 10.4 21.6 14.0 3.5 2 1 4 3 3
887.1 -4599.5 0.4 292 0 21.5 8.7 10.5 3.5 2 0 3 4 4
911.8 -4668.5 0.1 27 0 8.8 22.5 10.5 3.5 2 1 3 4 4
866.1 -4555.9 0.1 202 0 9.9 21.3 10.5 3.5 2 1 3 4 4
914.3 -4646.2 0.4 20 0 21.2 9.5 10.5 3.5 2 0 3 0 0
895.8 -4585.2 0.4 204 0 23.0 9.1 10.5 3.5 2 0 3 1 1
853.6 -4588.7 0.2 203 0 9.1 22.1 10.5 3.5 2 1 3 3 3
901.7 -4560.9 0.1 292 0 22.4 10.5 14.0 3.5 2 0 4 2 2
824.0 -4691.4 0.6 292 0 21.8 9.6 10.5 3.5 2 0 3 3 3
1198.9 -5026.0 -1.6 269 0 15.9 38.9 17.5 3.5 2 1 5 1 1
1241.1 -4939.4 -2.1 181 0 8.8 14.8 10.5 3.5 2 1 3 1 1
961.3 -4582.8 0.5 22 0 9.3 22.7 10.5 3.5 2 1 3 2 2
929.7 -4564.8 0.4 290 0 21.6 9.8 10.5 3.5 2 0 3 0 0
944.5 -4626.0 0.3 21 0 9.4 21.8 10.5 3.5 2 1 3 3 3
807.0 -4703.9 0.5 204 0 9.5 22.4 10.5 3.5 2 1 3 4 4
938.4 -4637.0 0.3 23 0 9.4 21.2 10.5 3.5 2 1 3 5 5
915.2 -4592.8 0.4 22 0 23.2 7.5 10.5 3.5 4 0 3 0 0
854.6 -4688.5 0.3 200 0 25.5 8.8 10.5 3.5 2 0 3 4 4
847.9 -4701.6 0.2 292 0 21.6 9.9 10.5 3.5 2 0 3 3 3
874.2 -4695.8 0.1 24 0 25.7 8.1 10.5 3.5 2 0 3 2 2
1513.9 -2864.9 -17.2 270 0 11.7 11.0 17.5 3.5 2 0 5 0 0
1523.8 -2919.4 -16.8 92 0 5.1 38.1 10.5 3.5 2 1 3 3 3
1592.2 -2930.0 -15.3 271 0 9.1 27.7 10.5 3.5 4 1 3 4 4
1590.3 -2985.5 -14.4 91 0 9.6 25.7 10.5 3.5 4 1 3 3 3
825.6 -4753.5 0.4 291 0 22.8 11.3 14.0 0.0 0 0 4 5 5
803.2 -4744.3 0.5 291 0 22.3 9.5 10.5 0.0 0 0 3 1 1
1272.5 -5987.0 -6.1 180 0 11.5 19.6 14.0 3.5 2 1 4 1 1
1066.2 -5858.4 -5.6 10 0 20.4 25.4 14.0 3.5 2 1 4 3 3
396.0 -6299.8 0.6 199 0 19.2 61.8 14.0 3.5 2 1 4 4 4
1071.3 -5802.9 -6.1 8 0 21.4 26.3 14.0 3.5 4 1 4 1 1
-42.4 -4392.1 28.9 344 0 10.3 10.3 17.5 3.5 4 0 5 3 3
-38.3 -4427.0 28.8 1 0 25.5 15.4 17.5 3.5 2 0 5 3 3
1433.9 -3511.0 -5.6 1 0 25.8 15.9 14.0 3.5 2 0 4 5 5
1446.6 -3649.2 -5.3 91 0 10.2 28.1 17.5 3.5 2 1 5 4 4
1208.5 -1940.8 -15.2 269 0 24.7 28.5 14.0 0.0 0 1 4 1 1
1186.1 -2001.9 -13.9 89 0 13.5 30.2 14.0 3.5 2 1 4 4 4
1970.4 -1263.9 -26.7 198 0 16.3 13.8 14.0 3.5 2 0 4 4 4
1497.3 -1039.4 -7.3 269 0 14.8 26.6 10.5 3.5 2 1 3 5 5
1525.5 -6432.0 -5.8 1 0 17.0 19.1 14.0 3.5 2 1 4 4 4
2639.4 -5950.2 -26.7 271 0 10.8 18.8 14.0 3.5 2 1 4 1 1
2579.1 -5994.4 -25.9 273 0 15.2 18.1 14.0 3.5 2 1 4 1 1
2874.5 -4645.7 -29.1 1 0 80.0 79.3 14.0 0.0 0 0 4 0 0
1684.4 -3148.2 -11.1 359 0 23.9 24.5 17.5 3.5 4 1 5 2 2
538.3 -4135.7 8.9 94 0 13.5 13.0 14.0 3.5 2 0 4 3 3
559.6 -4135.0 8.2 86 0 10.9 33.0 14.0 3.5 2 1 4 2 2
1972.9 -5920.8 -10.5 6 0 23.4 17.7 14.0 3.5 2 0 4 5 5
396.3 -6589.5 -0.5 108 0 30.0 48.5 10.5 0.0 0 1 3 4 4
-436.5 -3389.2 29.9 336 0 20.6 8.9 10.5 3.5 2 0 3 0 0
2743.1 -3778.0 -29.2 179 0 77.2 38.2 10.0 0.0 0 0 4 0 0
1389.1 -3083.4 -11.2 180 0 10.8 5.0 10.5 3.5 2 0 3 5 5
1389.3 -3138.9 -9.8 180 0 12.6 5.6 10.5 3.5 2 0 3 3 3
421.4 -3050.3 -1.1 271 0 41.3 30.1 14.0 0.0 0 0 4 3 3
1093.5 -3162.7 -3.9 88 0 13.9 13.5 14.0 3.5 2 0 4 2 2
794.7 -6065.8 -2.2 252 0 15.3 16.2 14.0 3.5 2 1 4 2 2
1258.1 -5499.2 -4.0 180 0 33.1 10.2 14.0 0.0 0 0 4 1 1
1276.3 -5496.7 -4.1 181 0 35.4 11.2 14.0 3.5 2 0 4 2 2
1307.3 -5437.2 -4.0 267 0 5.7 26.7 10.5 3.5 2 1 3 2 2
1314.6 -5495.4 -4.2 0 0 12.7 16.2 14.0 3.5 2 1 4 4 4
1227.3 -5515.5 -3.9 359 0 11.9 23.3 10.5 3.5 2 1 3 5 5
1232.4 -5722.2 -7.8 5 0 21.0 16.2 14.0 3.5 2 0 4 0 0
1462.5 -5816.3 -8.8 276 0 16.5 24.6 14.0 3.5 2 1 4 2 2
404.0 -6366.0 -0.0 290 0 60.5 20.5 14.0 0.0 0 0 4 1 1
1930.7 -3030.7 -18.7 357 0 10.3 11.8 17.5 3.5 2 1 5 2 2
1272.1 -2929.3 -13.2 270 0 11.8 31.8 17.5 3.5 2 1 5 4 4
646.5 -3053.4 -5.3 271 0 12.2 41.8 17.5 3.5 2 1 5 3 3
2271.2 -1142.0 -29.8 288 0 29.0 44.1 14.0 0.0 0 1 4 4 4
1968.3 -3898.2 -15.3 88 0 32.1 20.3 14.0 0.0 0 0 4 1 1
1695.0 -2742.0 -21.5 179 0 28.6 33.1 17.5 0.0 0 1 5 3 3
1662.1 -2706.7 -23.5 87 0 19.4 16.0 14.0 3.5 2 0 4 0 0
1315.1 -3377.5 -4.3 0 0 8.4 12.0 10.5 3.5 2 1 3 1 1
1294.7 -3396.4 -4.2 93 0 11.3 24.7 14.0 3.5 2 1 4 1 1
492.9 -3082.6 -1.6 182 0 11.8 10.7 17.5 3.5 2 0 5 5 5
988.4 -4666.4 -1.1 270 0 30.8 18.6 17.5 3.5 2 0 5 2 2
1163.0 -4655.8 -3.4 271 0 21.9 10.0 10.5 3.5 2 0 3 1 1
238.1 -5904.7 2.5 89 0 11.9 32.3 14.0 3.5 2 1 4 5 5
169.4 -5992.8 5.7 350 0 29.1 27.9 14.0 0.0 0 0 4 0 0
3702.7 4008.4 -31.9 263 0 34.8 11.7 2.5 2.5 4 0 1 0 0
1713.5 -5405.0 -7.5 182 0 11.1 10.9 14.0 3.5 2 0 4 5 5
1742.0 -5413.2 -7.9 91 0 9.9 13.3 10.5 3.5 2 1 3 0 0
1758.0 -5406.3 -8.1 0 0 13.2 10.0 14.0 3.5 2 0 4 1 1
1756.4 -5389.3 -7.8 360 0 7.9 11.9 10.5 3.5 4 1 3 4 4
1755.1 -5355.7 -7.4 1 0 8.1 11.0 10.5 3.5 2 1 3 1 1
1754.5 -5321.8 -7.0 0 0 8.0 10.4 10.5 3.5 2 1 3 2 2
1754.7 -5310.4 -6.9 0 0 7.7 10.8 10.5 3.5 4 1 3 0 0
1756.4 -5288.7 -6.6 2 0 9.5 12.3 10.5 3.5 2 1 3 2 2
1717.3 -5379.3 -7.2 181 0 9.6 11.4 10.5 3.5 2 1 3 5 5
1717.1 -5332.8 -6.7 181 0 8.1 10.6 10.5 3.5 2 1 3 0 0
1740.7 -5265.3 -6.2 271 0 8.3 12.1 10.5 3.5 2 1 3 2 2
1768.3 -5388.8 -8.2 179 0 8.5 11.7 10.5 3.5 2 1 3 3 3
1765.7 -5366.0 -7.9 198 0 10.7 12.6 14.0 3.5 2 1 4 3 3
1767.9 -5344.0 -7.7 180 0 8.1 11.1 10.5 3.5 2 1 3 0 0
1768.1 -5310.2 -7.3 179 0 8.0 10.9 10.5 3.5 4 1 3 2 2
1764.5 -5291.7 -7.1 179 0 10.7 17.1 14.0 3.5 2 1 4 1 1
1124.3 -6453.8 -3.7 345 0 16.0 16.2 14.0 0.0 0 1 4 5 5
1121.8 -6436.9 -3.5 344 0 14.2 16.8 14.0 3.5 2 1 4 4 4
1095.5 -6491.7 -4.1 165 0 16.1 18.2 14.0 3.5 2 1 4 1 1
1146.7 -6527.4 -4.3 344 0 15.7 20.9 14.0 3.5 2 1 4 1 1
1121.9 -6580.2 -3.9 164 0 15.7 13.0 14.0 3.5 4 0 4 4 4
1686.4 -6430.8 -6.9 147 0 14.5 19.7 14.0 3.5 2 1 4 4 4
1727.6 -6475.9 -7.1 58 0 15.2 20.8 14.0 3.5 4 1 4 2 2
1652.0 -6329.9 -6.7 237 0 13.3 16.1 14.0 3.5 2 1 4 4 4
1662.1 -6320.8 -6.8 236 0 12.9 17.5 14.0 3.5 2 1 4 3 3
1674.6 -6312.2 -6.9 238 0 13.5 19.1 14.0 0.0 0 1 4 4 4
1721.0 -6329.3 -7.1 56 0 14.2 19.4 14.0 3.5 2 1 4 5 5
1733.7 -6320.7 -7.2 56 0 13.9 19.5 14.0 3.5 2 1 4 1 1
2035.5 -6246.7 -11.3 326 0 15.1 19.8 10.5 3.5 2 1 3 5 5
2020.6 -6203.6 -11.5 150 0 13.8 19.9 14.0 3.5 2 1 4 5 5
2047.5 -6239.3 -12.0 149 0 15.4 15.4 14.0 3.5 2 1 4 5 5
2098.0 -6248.9 -13.1 329 0 23.9 19.8 14.0 0.0 0 0 4 0 0
1759.9 -6358.2 -7.4 146 0 14.8 17.5 14.0 3.5 2 1 4 3 3
1776.3 -6401.0 -7.4 330 0 14.6 20.4 14.0 0.0 0 1 4 4 4
1807.4 -6362.5 -7.6 327 0 15.1 15.6 14.0 3.5 2 1 4 5 5
1814.4 -6375.5 -7.6 328 0 10.2 12.2 14.0 3.5 4 1 4 4 4
1933.3 -5926.4 -9.8 186 0 13.6 15.4 14.0 3.5 2 1 4 0 0
1940.2 -5897.5 -10.0 186 0 13.4 13.9 14.0 3.5 2 1 4 2 2
2265.1 -4287.2 -19.0 359 0 12.5 15.8 17.5 3.5 2 1 5 1 1
2265.5 -4338.5 -19.0 1 0 9.8 16.1 10.5 3.5 2 1 3 0 0
2266.2 -4323.7 -19.1 1 0 16.8 21.3 17.5 3.5 4 1 5 2 2
2266.8 -4378.1 -18.8 1 0 13.9 17.6 17.5 3.5 4 1 5 1 1
2428.3 -4693.8 -21.2 88 0 7.7 18.0 5.0 2.5 2 1 2 5 5
3047.3 -4577.9 -30.1 271 0 10.6 17.4 14.0 0.0 0 1 4 4 4
3076.2 -4587.4 -30.2 2 0 22.4 19.9 14.0 3.5 4 0 4 2 2
3036.5 -4605.4 -30.1 181 0 12.2 18.2 14.0 3.5 2 1 4 0 0
3035.2 -4619.3 -30.1 181 0 11.5 19.9 14.0 3.5 2 1 4 3 3
3076.8 -4636.2 -30.2 0 0 15.4 20.8 14.0 0.0 0 1 4 5 5
3066.8 -4677.9 -30.3 91 0 18.5 16.2 14.0 3.5 2 0 4 0 0
3126.2 -4591.3 -30.6 2 0 11.8 18.9 14.0 0.0 0 1 4 0 0
3094.6 -4631.9 -30.5 182 0 14.9 15.6 14.0 3.5 2 1 4 3 3
3087.3 -4604.6 -30.5 181 0 15.9 18.5 14.0 3.5 2 1 4 5 5
3150.1 -4567.3 -30.9 89 0 18.3 20.3 14.0 3.5 4 1 4 2 2
3169.3 -4565.2 -31.0 107 0 14.1 17.6 14.0 3.5 2 1 4 5 5
3181.0 -4523.8 -31.0 1 0 14.3 18.7 14.0 3.5 2 1 4 5 5
3229.5 -4483.6 -31.4 2 0 18.8 17.1 10.5 3.5 2 0 3 2 2
3230.6 -4525.1 -31.4 360 0 12.9 18.9 10.5 3.5 2 1 3 0 0
3189.9 -4650.8 -31.2 177 0 14.3 16.7 14.0 3.5 2 1 4 0 0
3229.1 -4606.3 -31.4 1 0 14.2 18.1 14.0 3.5 2 1 4 2 2
3379.4 -4511.3 -32.5 2 0 14.6 16.1 14.0 3.5 2 1 4 5 5
3432.5 -4424.2 -32.9 3 0 15.2 18.5 10.5 3.5 2 1 3 3 3
3343.0 -4377.5 -32.4 182 0 14.9 18.4 14.0 3.5 2 1 4 1 1
3342.0 -4408.6 -32.4 180 0 13.0 18.9 14.0 0.0 0 1 4 3 3
3383.2 -4315.8 -32.6 4 0 12.2 17.6 14.0 3.5 2 1 4 4 4
3566.8 -4209.3 -34.0 1 0 23.4 24.3 10.5 3.5 2 1 3 5 5
3536.7 -4175.2 -33.8 272 0 6.6 20.3 10.5 3.5 4 1 3 0 0
3456.3 -4173.4 -33.3 272 0 21.1 10.2 10.5 3.5 2 0 3 2 2
3445.3 -4193.2 -33.3 180 0 10.9 19.7 10.5 3.5 2 1 3 3 3
3475.0 -4175.9 -33.4 269 0 12.9 19.1 10.5 3.5 2 1 3 4 4
3478.8 -4166.0 -33.5 88 0 12.4 22.0 10.5 3.5 2 1 3 4 4
3536.3 -4163.8 -33.9 89 0 12.5 21.6 10.5 3.5 2 1 3 0 0
2875.5 -3844.4 -29.6 360 0 13.2 22.0 10.0 2.5 2 1 4 1 1
3093.3 -4288.7 -30.7 182 0 11.1 18.1 10.5 3.5 2 1 3 1 1
3130.0 -4252.9 -30.9 360 0 9.7 18.7 10.5 3.5 2 1 3 4 4
3227.2 -4267.1 -31.5 1 0 12.3 16.3 14.0 0.0 0 1 4 3 3
3193.1 -4286.1 -31.3 182 0 6.4 18.6 10.5 0.0 0 1 3 4 4
3193.8 -4301.3 -31.3 181 0 10.8 18.9 14.0 0.0 0 1 4 5 5
2978.3 -4484.1 -29.5 304 0 16.6 20.6 14.0 0.0 0 1 4 0 0
2980.1 -4512.7 -29.5 2 0 13.5 17.1 14.0 3.5 2 1 4 0 0
3043.0 -4506.3 -30.1 181 0 15.9 15.8 14.0 3.5 2 0 4 1 1
3082.1 -4523.4 -30.3 1 0 14.6 17.9 14.0 3.5 2 1 4 4 4
3046.4 -4537.4 -30.1 183 0 14.9 14.7 14.0 3.5 2 0 4 2 2
3140.8 -4649.6 -30.8 181 0 14.5 15.4 14.0 3.5 2 1 4 2 2
3140.2 -4632.9 -30.9 180 0 14.4 19.9 14.0 3.5 2 1 4 3 3
3180.0 -4639.0 -31.0 3 0 7.2 18.4 10.5 3.5 2 1 3 3 3
3391.0 -4603.9 -32.7 183 0 10.9 15.9 10.5 3.5 2 1 3 5 5
3429.8 -4623.5 -32.9 1 0 12.1 17.5 10.5 3.5 2 1 3 1 1
3390.8 -4634.9 -32.7 180 0 14.6 17.5 10.5 3.5 2 1 3 0 0
3289.4 -4969.3 -32.8 181 0 11.3 17.2 14.0 3.5 4 1 4 2 2
3326.4 -4972.4 -32.9 2 0 15.5 16.5 14.0 3.5 2 1 4 5 5
-1061.9 -3615.2 36.9 320 0 46.3 49.1 14.0 0.0 0 1 4 2 2
1450.2 -6262.2 -5.5 277 0 35.0 23.6 7.0 0.0 0 0 2 2 2
2286.8 -2211.6 -31.8 300 0 11.3 4.0 10.5 3.5 4 0 3 5 5
-141.4 -754.2 26.7 2 0 43.1 16.8 10.0 2.5 2 0 4 2 2
-1718.7 -4924.8 33.7 295 0 48.9 24.8 12.5 0.0 0 0 5 1 1
1423.5 -5727.7 -9.2 273 0 27.7 35.6 14.0 0.0 0 1 4 4 4
1482.5 5708.4 27.3 66 0 22.7 22.5 7.5 2.5 2 0 3 2 2
2629.4 -4399.4 -27.2 155 0 38.0 21.3 14.0 0.0 0 0 4 0 0
987.5 -5355.5 -2.1 91 0 47.0 22.9 17.5 3.5 2 0 5 5 5
2595.0 -4224.0 -27.0 273 0 25.9 24.4 14.0 0.0 0 0 4 2 2
2402.7 2180.8 -6.6 329 0 18.3 22.2 2.5 2.5 2 1 1 3 3
4073.8 3982.4 -40.6 42 0 17.5 16.3 10.0 2.5 2 0 4 0 0
2790.1 -4251.2 -28.6 180 0 22.0 17.7 10.5 3.5 2 0 3 4 4
1694.7 -2708.0 -21.3 180 0 15.3 24.4 17.5 3.5 2 1 5 2 2
1329.7 -2819.4 -18.4 179 0 21.1 29.4 14.0 0.0 0 1 4 1 1
1436.7 -3239.0 -7.5 0 0 12.0 20.5 14.0 3.5 2 1 4 1 1
2312.2 -2474.3 -32.5 271 0 11.7 20.4 14.0 0.0 0 1 4 2 2
2334.2 -2473.5 -32.6 268 0 13.0 17.5 14.0 3.5 2 1 4 3 3
2271.4 -2482.3 -32.4 177 0 16.2 15.6 14.0 3.5 2 0 4 5 5
2277.4 -2599.7 -28.8 181 0 12.3 19.4 17.5 0.0 0 1 5 1 1
2235.6 -2789.6 -20.6 86 0 20.5 13.8 14.0 3.5 2 0 4 0 0
2243.2 -2752.6 -21.3 2 0 14.6 14.8 14.0 3.5 2 1 4 5 5
2242.3 -2726.7 -23.5 0 0 10.8 13.8 14.0 3.5 2 1 4 3 3
2243.8 -2697.1 -25.1 357 0 12.5 12.7 14.0 3.5 4 1 4 4 4
2599.1 -3128.3 -33.0 4 0 56.1 81.9 17.5 0.0 0 1 5 5 5
2457.0 -3142.8 -32.7 182 0 79.9 52.5 17.5 0.0 0 0 5 4 4
2162.1 -2858.4 -26.5 179 0 62.3 30.4 17.5 0.0 0 0 5 5 5
2222.8 -2902.8 -26.1 89 0 36.0 16.7 17.5 3.5 2 0 5 5 5
2526.5 -2986.0 -33.0 270 0 18.1 68.7 17.5 3.5 2 1 5 1 1
2887.0 -3465.5 -31.5 140 0 17.4 18.0 14.0 3.5 2 1 4 3 3
2689.4 -3101.4 -33.2 155 0 22.4 9.5 10.5 3.5 2 0 3 1 1
2843.1 -3380.3 -31.8 157 0 13.5 14.1 14.0 3.5 2 1 4 4 4
2927.0 -3485.4 -31.5 321 0 17.4 17.0 14.0 3.5 2 0 4 1 1
2856.2 -3420.2 -31.7 158 0 17.4 18.2 14.0 3.5 2 1 4 3 3
2824.4 -3340.4 -32.0 154 0 16.1 17.8 14.0 0.0 0 1 4 2 2
2829.5 -3199.5 -32.9 337 0 17.3 12.5 14.0 3.5 2 0 4 4 4
2937.4 -3530.2 -31.4 146 0 17.7 14.3 14.0 3.5 2 0 4 2 2
2683.4 -2985.5 -33.4 337 0 13.4 22.0 14.0 3.5 2 1 4 3 3
2728.6 -3089.7 -33.3 337 0 29.4 22.1 14.0 0.0 0 0 4 4 4
2701.6 -3050.5 -33.3 246 0 15.6 20.2 14.0 3.5 2 1 4 1 1
2810.8 -3282.6 -32.1 250 0 15.9 17.8 14.0 3.5 2 1 4 1 1
2791.0 -3145.7 -33.2 158 0 61.4 13.9 14.0 3.5 2 0 4 5 5
2219.4 -2639.3 -26.3 180 0 34.2 22.5 14.0 0.0 0 0 4 1 1
2221.3 -2600.5 -26.8 180 0 18.6 16.0 14.0 3.5 2 0 4 4 4
97.0 -4733.3 21.1 330 0 10.7 8.2 10.5 3.5 2 0 3 4 4
72.3 -4725.4 21.8 169 0 3.5 14.0 10.5 3.5 2 1 3 5 5
